   0.0000000000000000        1.0000000000000000     
   2.0000000000000000E-003   1.0000000000000000     
   4.0000000000000001E-003   1.0000000000000000     
   6.0000000000000001E-003   1.0000000000000000     
   8.0000000000000002E-003   1.0000000000000000     
   1.0000000000000000E-002   1.0000000000000000     
   1.2000000000000000E-002   1.0000000000000000     
   1.4000000000000000E-002   1.0000000000000000     
   1.6000000000000000E-002   1.0000000000000000     
   1.8000000000000002E-002   1.0000000000000000     
   2.0000000000000000E-002   1.0000000000000000     
   2.1999999999999999E-002   1.0000000000000000     
   2.4000000000000000E-002   1.0000000000000000     
   2.6000000000000002E-002   1.0000000000000000     
   2.8000000000000001E-002   1.0000000000000000     
   2.9999999999999999E-002   1.0000000000000000     
   3.2000000000000001E-002   1.0000000000000000     
   3.4000000000000002E-002   1.0000000000000000     
   3.6000000000000004E-002   1.0000000000000000     
   3.7999999999999999E-002   1.0000000000000000     
   4.0000000000000001E-002   1.0000000000000000     
   4.2000000000000003E-002   1.0000000000000000     
   4.3999999999999997E-002   1.0000000000000000     
   4.5999999999999999E-002   1.0000000000000000     
   4.8000000000000001E-002   1.0000000000000000     
   5.0000000000000003E-002   1.0000000000000000     
   5.2000000000000005E-002   1.0000000000000000     
   5.3999999999999999E-002   1.0000000000000000     
   5.6000000000000001E-002   1.0000000000000000     
   5.8000000000000003E-002   1.0000000000000000     
   5.9999999999999998E-002   1.0000000000000000     
   6.2000000000000000E-002   1.0000000000000000     
   6.4000000000000001E-002   1.0000000000000000     
   6.6000000000000003E-002   1.0000000000000000     
   6.8000000000000005E-002   1.0000000000000000     
   7.0000000000000007E-002   1.0000000000000000     
   7.2000000000000008E-002   1.0000000000000000     
   7.3999999999999996E-002   1.0000000000000000     
   7.5999999999999998E-002   1.0000000000000000     
   7.8000000000000000E-002   1.0000000000000000     
   8.0000000000000002E-002   1.0000000000000000     
   8.2000000000000003E-002   1.0000000000000000     
   8.4000000000000005E-002   1.0000000000000000     
   8.6000000000000007E-002   1.0000000000000000     
   8.7999999999999995E-002   1.0000000000000000     
   8.9999999999999997E-002   1.0000000000000000     
   9.1999999999999998E-002   1.0000000000000000     
   9.4000000000000000E-002   1.0000000000000000     
   9.6000000000000002E-002   1.0000000000000000     
   9.8000000000000004E-002   1.0000000000000000     
  0.10000000000000001        1.0000000000000000     
  0.10200000000000001        1.0000000000000000     
  0.10400000000000001        1.0000000000000000     
  0.10600000000000000        1.0000000000000000     
  0.10800000000000000        1.0000000000000000     
  0.11000000000000000        1.0000000000000000     
  0.11200000000000000        1.0000000000000000     
  0.11400000000000000        1.0000000000000000     
  0.11600000000000001        1.0000000000000000     
  0.11800000000000001        1.0000000000000000     
  0.12000000000000000        1.0000000000000000     
  0.12200000000000000        1.0000000000000000     
  0.12400000000000000        1.0000000000000000     
  0.12600000000000000        1.0000000000000000     
  0.12800000000000000        1.0000000000000000     
  0.13000000000000000        1.0000000000000000     
  0.13200000000000001        1.0000000000000000     
  0.13400000000000001        1.0000000000000000     
  0.13600000000000001        1.0000000000000000     
  0.13800000000000001        1.0000000000000000     
  0.14000000000000001        1.0000000000000000     
  0.14200000000000002        1.0000000000000000     
  0.14400000000000002        1.0000000000000000     
  0.14599999999999999        1.0000000000000000     
  0.14799999999999999        1.0000000000000000     
  0.14999999999999999        1.0000000000000000     
  0.15200000000000000        1.0000000000000000     
  0.15400000000000000        1.0000000000000000     
  0.15600000000000000        1.0000000000000000     
  0.15800000000000000        1.0000000000000000     
  0.16000000000000000        1.0000000000000000     
  0.16200000000000001        1.0000000000000000     
  0.16400000000000001        1.0000000000000000     
  0.16600000000000001        1.0000000000000000     
  0.16800000000000001        1.0000000000000000     
  0.17000000000000001        1.0000000000000000     
  0.17200000000000001        1.0000000000000000     
  0.17400000000000002        1.0000000000000000     
  0.17599999999999999        1.0000000000000000     
  0.17799999999999999        1.0000000000000000     
  0.17999999999999999        1.0000000000000000     
  0.18200000000000000        1.0000000000000000     
  0.18400000000000000        1.0000000000000000     
  0.18600000000000000        1.0000000000000000     
  0.18800000000000000        1.0000000000000000     
  0.19000000000000000        1.0000000000000000     
  0.19200000000000000        1.0000000000000000     
  0.19400000000000001        1.0000000000000000     
  0.19600000000000001        1.0000000000000000     
  0.19800000000000001        1.0000000000000000     
  0.20000000000000001        1.0000000000000000     
  0.20200000000000001        1.0000000000000000     
  0.20400000000000001        1.0000000000000000     
  0.20600000000000002        1.0000000000000000     
  0.20800000000000002        1.0000000000000000     
  0.20999999999999999        1.0000000000000000     
  0.21199999999999999        1.0000000000000000     
  0.21400000000000000        1.0000000000000000     
  0.21600000000000000        1.0000000000000000     
  0.21800000000000000        1.0000000000000000     
  0.22000000000000000        1.0000000000000000     
  0.22200000000000000        1.0000000000000000     
  0.22400000000000000        1.0000000000000000     
  0.22600000000000001        1.0000000000000000     
  0.22800000000000001        1.0000000000000000     
  0.23000000000000001        1.0000000000000000     
  0.23200000000000001        1.0000000000000000     
  0.23400000000000001        1.0000000000000000     
  0.23600000000000002        1.0000000000000000     
  0.23800000000000002        1.0000000000000000     
  0.23999999999999999        1.0000000000000000     
  0.24199999999999999        1.0000000000000000     
  0.24399999999999999        1.0000000000000000     
  0.24600000000000000        1.0000000000000000     
  0.24800000000000000        1.0000000000000000     
  0.25000000000000000        1.0000000000000000     
  0.25200000000000000        1.0000000000000000     
  0.25400000000000000        1.0000000000000000     
  0.25600000000000001        1.0000000000000000     
  0.25800000000000001        1.0000000000000000     
  0.26000000000000001        1.0000000000000000     
  0.26200000000000001        1.0000000000000000     
  0.26400000000000001        1.0000000000000000     
  0.26600000000000001        1.0000000000000000     
  0.26800000000000002        1.0000000000000000     
  0.27000000000000002        1.0000000000000000     
  0.27200000000000002        1.0000000000000000     
  0.27400000000000002        1.0000000000000000     
  0.27600000000000002        1.0000000000000000     
  0.27800000000000002        1.0000000000000000     
  0.28000000000000003        1.0000000000000000     
  0.28200000000000003        1.0000000000000000     
  0.28400000000000003        1.0000000000000000     
  0.28600000000000003        1.0000000000000000     
  0.28800000000000003        1.0000000000000000     
  0.28999999999999998        1.0000000000000000     
  0.29199999999999998        1.0000000000000000     
  0.29399999999999998        1.0000000000000000     
  0.29599999999999999        1.0000000000000000     
  0.29799999999999999        1.0000000000000000     
  0.29999999999999999        1.0000000000000000     
  0.30199999999999999        1.0000000000000000     
  0.30399999999999999        1.0000000000000000     
  0.30599999999999999        1.0000000000000000     
  0.30800000000000000        1.0000000000000000     
  0.31000000000000000        1.0000000000000000     
  0.31200000000000000        1.0000000000000000     
  0.31400000000000000        1.0000000000000000     
  0.31600000000000000        1.0000000000000000     
  0.31800000000000000        1.0000000000000000     
  0.32000000000000001        1.0000000000000000     
  0.32200000000000001        1.0000000000000000     
  0.32400000000000001        1.0000000000000000     
  0.32600000000000001        1.0000000000000000     
  0.32800000000000001        1.0000000000000000     
  0.33000000000000002        1.0000000000000000     
  0.33200000000000002        1.0000000000000000     
  0.33400000000000002        1.0000000000000000     
  0.33600000000000002        1.0000000000000000     
  0.33800000000000002        1.0000000000000000     
  0.34000000000000002        1.0000000000000000     
  0.34200000000000003        1.0000000000000000     
  0.34400000000000003        1.0000000000000000     
  0.34600000000000003        1.0000000000000000     
  0.34800000000000003        1.0000000000000000     
  0.35000000000000003        1.0000000000000000     
  0.35199999999999998        1.0000000000000000     
  0.35399999999999998        1.0000000000000000     
  0.35599999999999998        1.0000000000000000     
  0.35799999999999998        1.0000000000000000     
  0.35999999999999999        1.0000000000000000     
  0.36199999999999999        1.0000000000000000     
  0.36399999999999999        1.0000000000000000     
  0.36599999999999999        1.0000000000000000     
  0.36799999999999999        1.0000000000000000     
  0.37000000000000000        1.0000000000000000     
  0.37200000000000000        1.0000000000000000     
  0.37400000000000000        1.0000000000000000     
  0.37600000000000000        1.0000000000000000     
  0.37800000000000000        1.0000000000000000     
  0.38000000000000000        1.0000000000000000     
  0.38200000000000001       0.99999999999999989     
  0.38400000000000001       0.99999999999999944     
  0.38600000000000001       0.99999999999999822     
  0.38800000000000001       0.99999999999999567     
  0.39000000000000001       0.99999999999999112     
  0.39200000000000002       0.99999999999998312     
  0.39400000000000002       0.99999999999996847     
  0.39600000000000002       0.99999999999994094     
  0.39800000000000002       0.99999999999989120     
  0.40000000000000002       0.99999999999980138     
  0.40200000000000002       0.99999999999964018     
  0.40400000000000003       0.99999999999935152     
  0.40600000000000003       0.99999999999883782     
  0.40800000000000003       0.99999999999792799     
  0.41000000000000003       0.99999999999632572     
  0.41200000000000003       0.99999999999351663     
  0.41400000000000003       0.99999999998862199     
  0.41600000000000004       0.99999999998013722     
  0.41799999999999998       0.99999999996550781     
  0.41999999999999998       0.99999999994042188     
  0.42199999999999999       0.99999999989764443     
  0.42399999999999999       0.99999999982510268     
  0.42599999999999999       0.99999999970277975     
  0.42799999999999999       0.99999999949768470     
  0.42999999999999999       0.99999999915578297     
  0.43200000000000000       0.99999999858912325     
  0.43400000000000000       0.99999999765546022     
  0.43600000000000000       0.99999999612621893     
  0.43800000000000000       0.99999999363650027     
  0.44000000000000000       0.99999998960764269     
  0.44200000000000000       0.99999998312818639     
  0.44400000000000001       0.99999997277231878     
  0.44600000000000001       0.99999995632517469     
  0.44800000000000001       0.99999993037061741     
  0.45000000000000001       0.99999988967784881     
  0.45200000000000001       0.99999982629660999     
  0.45400000000000001       0.99999972823445316     
  0.45600000000000002       0.99999957754096347     
  0.45800000000000002       0.99999934755964937     
  0.46000000000000002       0.99999899902524525     
  0.46200000000000002       0.99999847457901858     
  0.46400000000000002       0.99999769114482828     
  0.46600000000000003       0.99999652945291839     
  0.46800000000000003       0.99999481981851501     
  0.47000000000000003       0.99999232308423891     
  0.47200000000000003       0.99998870543200857     
  0.47400000000000003       0.99998350558344440     
  0.47600000000000003       0.99997609277186394     
  0.47800000000000004       0.99996561383237159     
  0.47999999999999998       0.99995092788382645     
  0.48199999999999998       0.99993052744755095     
  0.48399999999999999       0.99990244555321706     
  0.48599999999999999       0.99986414951383240     
  0.48799999999999999       0.99981242368408918     
  0.48999999999999999       0.99974324568173500     
  0.49199999999999999       0.99965166320606458     
  0.49399999999999999       0.99953168157246119     
  0.49600000000000000       0.99937617508933485     
  0.49800000000000000       0.99917683795821166     
  0.50000000000000000       0.99892419185030557     
  0.50200000000000000       0.99860766698652581     
  0.50400000000000000       0.99821577074291534     
  0.50600000000000001       0.99773635206160116     
  0.50800000000000001       0.99715696124259567     
  0.51000000000000001       0.99646529361613023     
  0.51200000000000001       0.99564969344061394     
  0.51400000000000001       0.99469968303838774     
  0.51600000000000001       0.99360647387770251     
  0.51800000000000002       0.99236341306882503     
  0.52000000000000002       0.99096632187694511     
  0.52200000000000002       0.98941369250573097     
  0.52400000000000002       0.98770672436087126     
  0.52600000000000002       0.98584919887928935     
  0.52800000000000002       0.98384720977360640     
  0.53000000000000003       0.98170878022276031     
  0.53200000000000003       0.97944340791672302     
  0.53400000000000003       0.97706158191414427     
  0.53600000000000003       0.97457431227886626     
  0.53800000000000003       0.97199270577577779     
  0.54000000000000004       0.96932761049235339     
  0.54200000000000004       0.96658934116826578     
  0.54400000000000004       0.96378748698722505     
  0.54600000000000004       0.96093079575111795     
  0.54800000000000004       0.95802712320759664     
  0.55000000000000004       0.95508343377259652     
  0.55200000000000005       0.95210583853476205     
  0.55400000000000005       0.94909965762138804     
  0.55600000000000005       0.94606949610053814     
  0.55800000000000005       0.94301932504040564     
  0.56000000000000005       0.93995256174142616     
  0.56200000000000006       0.93687214525119422     
  0.56400000000000006       0.93378060495157600     
  0.56600000000000006       0.93068012125379695     
  0.56800000000000006       0.92757257829327378     
  0.57000000000000006       0.92445960905410607     
  0.57200000000000006       0.92134263365422764     
  0.57400000000000007       0.91822289166289084     
  0.57600000000000007       0.91510146937201475     
  0.57799999999999996       0.91197932293711104     
  0.57999999999999996       0.90885729704535767     
  0.58199999999999996       0.90573613887856641     
  0.58399999999999996       0.90261651076067595     
  0.58599999999999997       0.89949900170055952     
  0.58799999999999997       0.89638413734551847     
  0.58999999999999997       0.89327238804371067     
  0.59199999999999997       0.89016417601453324     
  0.59399999999999997       0.88705988103212041     
  0.59599999999999997       0.88395984569702113     
  0.59799999999999998       0.88086437956197106     
  0.59999999999999998       0.87777376305566612     
  0.60199999999999998       0.87468825054828181     
  0.60399999999999998       0.87160807329371526     
  0.60599999999999998       0.86853344176654590     
  0.60799999999999998       0.86546454788709204     
  0.60999999999999999       0.86240156684632086     
  0.61199999999999999       0.85934465878333177     
  0.61399999999999999       0.85629397025104170     
  0.61599999999999999       0.85324963546878918     
  0.61799999999999999       0.85021177753878951     
  0.62000000000000000       0.84718050936282130     
  0.62200000000000000       0.84415593468753936     
  0.62400000000000000       0.84113814874852533     
  0.62600000000000000       0.83812723919486254     
  0.62800000000000000       0.83512328651974577     
  0.63000000000000000       0.83212636488131708     
  0.63200000000000001       0.82913654240595858     
  0.63400000000000001       0.82615388186205774     
  0.63600000000000001       0.82317844093911074     
  0.63800000000000001       0.82021027274476699     
  0.64000000000000001       0.81724942609307860     
  0.64200000000000002       0.81429594585756526     
  0.64400000000000002       0.81134987327268238     
  0.64600000000000002       0.80841124615583271     
  0.64800000000000002       0.80548009923229846     
  0.65000000000000002       0.80255646424463634     
  0.65200000000000002       0.79964037030046975     
  0.65400000000000003       0.79673184389577667     
  0.65600000000000003       0.79383090925917510     
  0.65800000000000003       0.79093758835003236     
  0.66000000000000003       0.78805190113136758     
  0.66200000000000003       0.78517386562376545     
  0.66400000000000003       0.78230349806245725     
  0.66600000000000004       0.77944081301632029     
  0.66800000000000004       0.77658582346058447     
  0.67000000000000004       0.77373854093369021     
  0.67200000000000004       0.77089897554491216     
  0.67400000000000004       0.76806713615996880     
  0.67600000000000005       0.76524303037153096     
  0.67800000000000005       0.76242666466963060     
  0.68000000000000005       0.75961804443694936     
  0.68200000000000005       0.75681717404599735     
  0.68400000000000005       0.75402405692476648     
  0.68600000000000005       0.75123869557548084     
  0.68800000000000006       0.74846109167301877     
  0.69000000000000006       0.74569124606388659     
  0.69200000000000006       0.74292915886134270     
  0.69400000000000006       0.74017482943619162     
  0.69600000000000006       0.73742825649405908     
  0.69800000000000006       0.73468943810215182     
  0.70000000000000007       0.73195837170673639     
  0.70200000000000007       0.72923505419490620     
  0.70399999999999996       0.72651948189277937     
  0.70599999999999996       0.72381165062182773     
  0.70799999999999996       0.72111155570834917     
  0.70999999999999996       0.71841919201649662     
  0.71199999999999997       0.71573455397136709     
  0.71399999999999997       0.71305763556880786     
  0.71599999999999997       0.71038843041889943     
  0.71799999999999997       0.70772693174795165     
  0.71999999999999997       0.70507313242231273     
  0.72199999999999998       0.70242702497091536     
  0.72399999999999998       0.69978860159454737     
  0.72599999999999998       0.69715785418775567     
  0.72799999999999998       0.69453477434767041     
  0.72999999999999998       0.69191935339349731     
  0.73199999999999998       0.68931158237870582     
  0.73399999999999999       0.68671145209727658     
  0.73599999999999999       0.68411895310452597     
  0.73799999999999999       0.68153407572631797     
  0.73999999999999999       0.67895681006538500     
  0.74199999999999999       0.67638714601367012     
  0.74399999999999999       0.67382507326177521     
  0.74600000000000000       0.67127058131026829     
  0.74800000000000000       0.66872365947599555     
  0.75000000000000000       0.66618429689657011     
  0.75200000000000000       0.66365248254224318     
  0.75400000000000000       0.66112820522451021     
  0.75600000000000001       0.65861145360024020     
  0.75800000000000001       0.65610221617856312     
  0.76000000000000001       0.65360048132755444     
  0.76200000000000001       0.65110623727963668     
  0.76400000000000001       0.64861947213655902     
  0.76600000000000001       0.64614017387414224     
  0.76800000000000002       0.64366833034954851     
  0.77000000000000002       0.64120392930816472     
  0.77200000000000002       0.63874695838584172     
  0.77400000000000002       0.63629740511122046     
  0.77600000000000002       0.63385525691167033     
  0.77800000000000002       0.63142050111898995     
  0.78000000000000003       0.62899312497306725     
  0.78200000000000003       0.62657311562525109     
  0.78400000000000003       0.62416046014245474     
  0.78600000000000003       0.62175514551228572     
  0.78800000000000003       0.61935715864793695     
  0.79000000000000004       0.61696648639092166     
  0.79200000000000004       0.61458311551346234     
  0.79400000000000004       0.61220703272369803     
  0.79600000000000004       0.60983822467261029     
  0.79800000000000004       0.60747667795944227     
  0.80000000000000004       0.60512237913540345     
  0.80200000000000005       0.60277531470752899     
  0.80400000000000005       0.60043547114390905     
  0.80600000000000005       0.59810283488073046     
  0.80800000000000005       0.59577739233048443     
  0.81000000000000005       0.59345912988974481     
  0.81200000000000006       0.59114803394625715     
  0.81400000000000006       0.58884409088699718     
  0.81600000000000006       0.58654728710810589     
  0.81800000000000006       0.58425760902578250     
  0.82000000000000006       0.58197504308763481     
  0.82200000000000006       0.57969957578531817     
  0.82400000000000007       0.57743119366888496     
  0.82600000000000007       0.57516988336219399     
  0.82800000000000007       0.57291563157911285     
  0.83000000000000007       0.57066842514111749     
  0.83200000000000007       0.56842825099674887     
  0.83399999999999996       0.56619509624290232     
  0.83599999999999997       0.56396894814815246     
  0.83799999999999997       0.56174979417854765     
  0.83999999999999997       0.55953762202591517     
  0.84199999999999997       0.55733241963837166     
  0.84399999999999997       0.55513417525306807     
  0.84599999999999997       0.55294287743157888     
  0.84799999999999998       0.55075851509834095     
  0.84999999999999998       0.54858107758247499     
  0.85199999999999998       0.54641055466336730     
  0.85399999999999998       0.54424693662007495     
  0.85599999999999998       0.54209021428411008     
  0.85799999999999998       0.53994037909527670     
  0.85999999999999999       0.53779742316125312     
  0.86199999999999999       0.53566133932220872     
  0.86399999999999999       0.53353212122101257     
  0.86599999999999999       0.53140976337835821     
  0.86799999999999999       0.52929426127193813     
  0.87000000000000000       0.52718561141983189     
  0.87200000000000000       0.52508381146914873     
  0.87400000000000000       0.52298886029081126     
  0.87600000000000000       0.52090075808060776     
  0.87800000000000000       0.51881950646633135     
  0.88000000000000000       0.51674510862100287     
  0.88200000000000001       0.51467756938233999     
  0.88400000000000001       0.51261689537872579     
  0.88600000000000001       0.51056309516215814     
  0.88800000000000001       0.50851617934925386     
  0.89000000000000001       0.50647616077163782     
  0.89200000000000002       0.50444305463671513     
  0.89400000000000002       0.50241687869924734     
  0.89600000000000002       0.50039765344427645     
  0.89800000000000002       0.49838540228284839     
  0.90000000000000002       0.49638015176310168     
  0.90200000000000002       0.49438193179972389     
  0.90400000000000003       0.49239077592468777     
  0.90600000000000003       0.49040672156227505     
  0.90800000000000003       0.48842981033216104     
  0.91000000000000003       0.48646008838544746     
  0.91200000000000003       0.48449760677949488     
  0.91400000000000003       0.48254242189808766     
  0.91600000000000004       0.48059459592451742     
  0.91800000000000004       0.47865419737687992     
  0.92000000000000004       0.47672130171707972     
  0.92200000000000004       0.47479599204725265     
  0.92400000000000004       0.47287835990927191     
  0.92600000000000005       0.47096850620525793     
  0.92800000000000005       0.46906654226033950     
  0.93000000000000005       0.46717259105367226     
  0.93200000000000005       0.46528678864960810     
  0.93400000000000005       0.46340928586754498     
  0.93600000000000005       0.46154025023646544     
  0.93800000000000006       0.45967986828941781     
  0.94000000000000006       0.45782834826535485     
  0.94200000000000006       0.45598592330184085     
  0.94400000000000006       0.45415285522303828     
  0.94600000000000006       0.45232943905420869     
  0.94800000000000006       0.45051600842871642     
  0.95000000000000007       0.44871294209911217     
  0.95200000000000007       0.44692067182342227     
  0.95400000000000007       0.44513969197399933     
  0.95600000000000007       0.44337057131167773     
  0.95800000000000007       0.44161396748467807     
  0.95999999999999996       0.43987064495182238     
  0.96199999999999997       0.43814149719384410     
  0.96399999999999997       0.43642757425895401     
  0.96599999999999997       0.43473011687293828     
  0.96799999999999997       0.43305059849370631     
  0.96999999999999997       0.43139077675076815     
  0.97199999999999998       0.42975275558634474     
  0.97399999999999998       0.42813905897446541     
  0.97599999999999998       0.42655271611616419     
  0.97799999999999998       0.42499735621172047     
  0.97999999999999998       0.42347730783167725     
  0.98199999999999998       0.42199769306173213     
  0.98399999999999999       0.42056449941127505     
  0.98599999999999999       0.41918460335548841     
  0.98799999999999999       0.41786571019710983     
  0.98999999999999999       0.41661617090964670     
  0.99199999999999999       0.41544464363134354     
  0.99399999999999999       0.41435959040506337     
  0.99600000000000000       0.41336863597094153     
  0.99800000000000000       0.41247785693541067     
   1.0000000000000000       0.41169110266531839     
   1.0020000000000000       0.41100946327077814     
   1.0040000000000000       0.41043098983512177     
   1.0060000000000000       0.40995073820144923     
   1.0080000000000000       0.40956115313789998     
   1.0100000000000000       0.40925274078236279     
   1.0120000000000000       0.40901490506306959     
   1.0140000000000000       0.40883676811821290     
   1.0160000000000000       0.40870779265443413     
   1.0180000000000000       0.40861812119456226     
   1.0200000000000000       0.40855872088742018     
   1.0220000000000000       0.40852151675880499     
   1.0240000000000000       0.40849959590462831     
   1.0260000000000000       0.40848740215698559     
   1.0280000000000000       0.40848079123379505     
   1.0300000000000000       0.40848775243177238     
   1.0320000000000000       0.40849762302234599     
   1.0340000000000000       0.40851098349302234     
   1.0360000000000000       0.40852684170580911     
   1.0380000000000000       0.40854104580976491     
   1.0400000000000000       0.40855313095675166     
   1.0420000000000000       0.40856318334872044     
   1.0440000000000000       0.40857141975754641     
   1.0460000000000000       0.40857808376108423     
   1.0480000000000000       0.40858341153196170     
   1.0500000000000000       0.40858761955155548     
   1.0520000000000000       0.40859090053647928     
   1.0540000000000000       0.40859342262236686     
   1.0560000000000000       0.40859532976488983     
   1.0580000000000001       0.40859674270998803     
   1.0600000000000001       0.40859776072141596     
   1.0620000000000001       0.40859846456831689     
   1.0640000000000001       0.40859892092429617     
   1.0660000000000001       0.40859918722091498     
   1.0680000000000001       0.40859931570085672     
   1.0700000000000001       0.40859923032453999     
   1.0720000000000001       0.40859904738023795     
   1.0740000000000001       0.40859874663084472     
   1.0760000000000001       0.40859832520198630     
   1.0780000000000001       0.40859779867382578     
   1.0800000000000001       0.40859719969521680     
   1.0820000000000001       0.40859658107158425     
   1.0840000000000001       0.40859599136597513     
   1.0860000000000001       0.40859542146775529     
   1.0880000000000001       0.40859486430928216     
   1.0900000000000001       0.40859432147043456     
   1.0920000000000001       0.40859380690347380     
   1.0940000000000001       0.40859332891981232     
   1.0960000000000001       0.40859289056048392     
   1.0980000000000001       0.40859249146599841     
   1.1000000000000001       0.40859212996142930     
   1.1020000000000001       0.40859180525297889     
   1.1040000000000001       0.40859151832698382     
   1.1060000000000001       0.40859127050164473     
   1.1080000000000001       0.40859106172103843     
   1.1100000000000001       0.40859089025154716     
   1.1120000000000001       0.40859075328378092     
   1.1140000000000001       0.40859064762188946     
   1.1160000000000001       0.40859056987285414     
   1.1180000000000001       0.40859051609781971     
   1.1200000000000001       0.40859048153169275     
   1.1220000000000001       0.40859046076093219     
   1.1240000000000001       0.40859044845951542     
   1.1260000000000001       0.40859043940033157     
   1.1280000000000001       0.40859042463981604     
   1.1300000000000001       0.40859040185339124     
   1.1320000000000001       0.40859037198780174     
   1.1340000000000001       0.40859034581994907     
   1.1360000000000001       0.40859032595830819     
   1.1380000000000001       0.40859031096583465     
   1.1400000000000001       0.40859029421946952     
   1.1420000000000001       0.40859026975956031     
   1.1440000000000001       0.40859023592376514     
   1.1460000000000001       0.40859019415068154     
   1.1480000000000001       0.40859015303822660     
   1.1500000000000001       0.40859011795988426     
   1.1520000000000001       0.40859008706500183     
   1.1539999999999999       0.40859005128113990     
   1.1559999999999999       0.40859000818251473     
   1.1579999999999999       0.40858995813475907     
   1.1599999999999999       0.40858990496484421     
   1.1619999999999999       0.40858985695417488     
   1.1639999999999999       0.40858981363172037     
   1.1659999999999999       0.40858976861697915     
   1.1679999999999999       0.40858971444532760     
   1.1699999999999999       0.40858965004126663     
   1.1719999999999999       0.40858957653562650     
   1.1739999999999999       0.40858949804460576     
   1.1759999999999999       0.40858942303619944     
   1.1779999999999999       0.40858935123769530     
   1.1799999999999999       0.40858927405375628     
   1.1819999999999999       0.40858918764216035     
   1.1839999999999999       0.40858909146973971     
   1.1859999999999999       0.40858898783999859     
   1.1879999999999999       0.40858888295616586     
   1.1899999999999999       0.40858878216441713     
   1.1919999999999999       0.40858868029940754     
   1.1940000000000000       0.40858856687453865     
   1.1960000000000000       0.40858843860359390     
   1.1980000000000000       0.40858829422283682     
   1.2000000000000000       0.40858813490587576     
   1.2020000000000000       0.40858796379550488     
   1.2040000000000000       0.40858778122982803     
   1.2060000000000000       0.40858758074011620     
   1.2080000000000000       0.40858735686359510     
   1.2100000000000000       0.40858710721521668     
   1.2120000000000000       0.40858683254425338     
   1.2140000000000000       0.40858653724313843     
   1.2160000000000000       0.40858622903531483     
   1.2180000000000000       0.40858591338593386     
   1.2200000000000000       0.40858558531398581     
   1.2220000000000000       0.40858523847810641     
   1.2240000000000000       0.40858487073656546     
   1.2260000000000000       0.40858448416576892     
   1.2280000000000000       0.40858408490018810     
   1.2300000000000000       0.40858368084981628     
   1.2320000000000000       0.40858327448370335     
   1.2340000000000000       0.40858286159026364     
   1.2360000000000000       0.40858243665130478     
   1.2380000000000000       0.40858199537732753     
   1.2400000000000000       0.40858153506500866     
   1.2420000000000000       0.40858105548213663     
   1.2440000000000000       0.40858055794001474     
   1.2460000000000000       0.40858004432150152     
   1.2480000000000000       0.40857951847329105     
   1.2500000000000000       0.40857898593670128     
   1.2520000000000000       0.40857845020327482     
   1.2540000000000000       0.40857790895246077     
   1.2560000000000000       0.40857735356408775     
   1.2580000000000000       0.40857677057084479     
   1.2600000000000000       0.40857614748223658     
   1.2620000000000000       0.40857548173053138     
   1.2640000000000000       0.40857478395751773     
   1.2660000000000000       0.40857406935519675     
   1.2680000000000000       0.40857334360337783     
   1.2700000000000000       0.40857259426903986     
   1.2720000000000000       0.40857179362269813     
   1.2740000000000000       0.40857091332259360     
   1.2760000000000000       0.40856994457806600     
   1.2780000000000000       0.40856890887685826     
   1.2800000000000000       0.40856784597000118     
   1.2820000000000000       0.40856678468085594     
   1.2840000000000000       0.40856571723740781     
   1.2860000000000000       0.40856459361466108     
   1.2880000000000000       0.40856333752161789     
   1.2900000000000000       0.40856187817124962     
   1.2920000000000000       0.40856019119452791     
   1.2940000000000000       0.40855832938689834     
   1.2960000000000000       0.40855640731006948     
   1.2980000000000000       0.40855453106672929     
   1.3000000000000000       0.40855272994304892     
   1.3020000000000000       0.40855093160178013     
   1.3040000000000000       0.40854899407101586     
   1.3060000000000000       0.40854675867764650     
   1.3080000000000001       0.40854410910220967     
   1.3100000000000001       0.40854104256414253     
   1.3120000000000001       0.40853771486118801     
   1.3140000000000001       0.40853438538589615     
   1.3160000000000001       0.40853128072114869     
   1.3180000000000001       0.40852849404373104     
   1.3200000000000001       0.40852592465685400     
   1.3220000000000001       0.40852328937580429     
   1.3240000000000001       0.40852021338242128     
   1.3260000000000001       0.40851628234768128     
   1.3280000000000001       0.40851111307708826     
   1.3300000000000001       0.40850450730895710     
   1.3320000000000001       0.40849663515529672     
   1.3340000000000001       0.40848808556389393     
   1.3360000000000001       0.40847964539106468     
   1.3380000000000001       0.40847199285285596     
   1.3400000000000001       0.40846558645994924     
   1.3420000000000001       0.40846065692740041     
   1.3440000000000001       0.40845722574227478     
   1.3460000000000001       0.40845514199268673     
   1.3480000000000001       0.40845412050367397     
   1.3500000000000001       0.40845380158103001     
   1.3520000000000001       0.40845348138032034     
   1.3540000000000001       0.40845130257629797     
   1.3560000000000001       0.40844084085760046     
   1.3580000000000001       0.40840473478151501     
   1.3600000000000001       0.40830416829903382     
   1.3620000000000001       0.40806381947191067     
   1.3640000000000001       0.40755420408817294     
   1.3660000000000001       0.40657683529446942     
   1.3680000000000001       0.40486133737051988     
   1.3700000000000001       0.40208526747848555     
   1.3720000000000001       0.39792381637530738     
   1.3740000000000001       0.39212585390274968     
   1.3760000000000001       0.38459710954425330     
   1.3780000000000001       0.37545851460822899     
   1.3800000000000001       0.36504874717717528     
   1.3820000000000001       0.35386031158059827     
   1.3840000000000001       0.34242907324334265     
   1.3860000000000001       0.33122081222374677     
   1.3880000000000001       0.32058357410528870     
   1.3900000000000001       0.31075521667398937     
   1.3920000000000001       0.30188064216248145     
   1.3940000000000001       0.29402845098481972     
   1.3960000000000001       0.28720704482429005     
   1.3980000000000001       0.28137978733941410     
   1.4000000000000001       0.27647867471543008     
   1.4020000000000001       0.27241609732521155     
   1.4040000000000001       0.26909447820214932     
   1.4060000000000001       0.26641376963789659     
   1.4079999999999999       0.26427694271227276     
   1.4099999999999999       0.26259370726647496     
   1.4119999999999999       0.26128275512424604     
   1.4139999999999999       0.26027283529031053     
   1.4159999999999999       0.25950295607807033     
   1.4179999999999999       0.25892197608686768     
   1.4199999999999999       0.25848780335493815     
   1.4219999999999999       0.25816637701748008     
   1.4239999999999999       0.25793056287513522     
   1.4259999999999999       0.25775905634434365     
   1.4279999999999999       0.25763535493249168     
   1.4299999999999999       0.25754683735541201     
   1.4319999999999999       0.25748396662498380     
   1.4339999999999999       0.25743961968774370     
   1.4359999999999999       0.25740853661219854     
   1.4379999999999999       0.25738687676874933     
   1.4399999999999999       0.25737186639590814     
   1.4419999999999999       0.25736152176560456     
   1.4440000000000000       0.25735443492011562     
   1.4460000000000000       0.25734961187636729     
   1.4480000000000000       0.25734635342341622     
   1.4500000000000000       0.25734416905713525     
   1.4520000000000000       0.25734271654429147     
   1.4540000000000000       0.25734175977480112     
   1.4560000000000000       0.25734113975507822     
   1.4580000000000000       0.25734075297839837     
   1.4600000000000000       0.25734053257153994     
   1.4620000000000000       0.25734042814251534     
   1.4640000000000000       0.25734040872726466     
   1.4660000000000000       0.25734045884087742     
   1.4680000000000000       0.25734059302863216     
   1.4700000000000000       0.25734081798103786     
   1.4720000000000000       0.25734113413344512     
   1.4740000000000000       0.25734153251025321     
   1.4760000000000000       0.25734199356793780     
   1.4780000000000000       0.25734249290380740     
   1.4800000000000000       0.25734300251345027     
   1.4820000000000000       0.25734349358220926     
   1.4840000000000000       0.25734393739208478     
   1.4860000000000000       0.25734431407885006     
   1.4880000000000000       0.25734461760481897     
   1.4900000000000000       0.25734485040313770     
   1.4920000000000000       0.25734502193684045     
   1.4940000000000000       0.25734514633851174     
   1.4960000000000000       0.25734524040597545     
   1.4980000000000000       0.25734531609300848     
   1.5000000000000000       0.25734537248856315     
   1.5020000000000000       0.25734540332359196     
   1.5040000000000000       0.25734541403936645     
   1.5060000000000000       0.25734540400353634     
   1.5080000000000000       0.25734539035423515     
   1.5100000000000000       0.25734539004838319     
   1.5120000000000000       0.25734540945188583     
   1.5140000000000000       0.25734546355938043     
   1.5160000000000000       0.25734555701113165     
   1.5180000000000000       0.25734567454082691     
   1.5200000000000000       0.25734578942977693     
   1.5220000000000000       0.25734589357647730     
   1.5240000000000000       0.25734597903477607     
   1.5260000000000000       0.25734604376787190     
   1.5280000000000000       0.25734609822468274     
   1.5300000000000000       0.25734615723152632     
   1.5320000000000000       0.25734620043564543     
   1.5340000000000000       0.25734622409633967     
   1.5360000000000000       0.25734621675144059     
   1.5380000000000000       0.25734618003247239     
   1.5400000000000000       0.25734611088785958     
   1.5420000000000000       0.25734602082431818     
   1.5440000000000000       0.25734595105314656     
   1.5460000000000000       0.25734591001496698     
   1.5480000000000000       0.25734591282979058     
   1.5500000000000000       0.25734595129336496     
   1.5520000000000000       0.25734601886853753     
   1.5540000000000000       0.25734609930725788     
   1.5560000000000000       0.25734620258157365     
   1.5580000000000001       0.25734631447375406     
   1.5600000000000001       0.25734642231190574     
   1.5620000000000001       0.25734652280139508     
   1.5640000000000001       0.25734663573695415     
   1.5660000000000001       0.25734674834839416     
   1.5680000000000001       0.25734681866427400     
   1.5700000000000001       0.25734685036589072     
   1.5720000000000001       0.25734682752909588     
   1.5740000000000001       0.25734675299378462     
   1.5760000000000001       0.25734663717853246     
   1.5780000000000001       0.25734652930119628     
   1.5800000000000001       0.25734645259780248     
   1.5820000000000001       0.25734641238231637     
   1.5840000000000001       0.25734642612268516     
   1.5860000000000001       0.25734646925545018     
   1.5880000000000001       0.25734651310189360     
   1.5900000000000001       0.25734656103495873     
   1.5920000000000001       0.25734664303911126     
   1.5940000000000001       0.25734675853187278     
   1.5960000000000001       0.25734691033253104     
   1.5980000000000001       0.25734709904297415     
   1.6000000000000001       0.25734730229681518     
   1.6020000000000001       0.25734748168002552     
   1.6040000000000001       0.25734758356335696     
   1.6060000000000001       0.25734762243029058     
   1.6080000000000001       0.25734758796083723     
   1.6100000000000001       0.25734750063762274     
   1.6120000000000001       0.25734741611847273     
   1.6140000000000001       0.25734736820699267     
   1.6160000000000001       0.25734734350899935     
   1.6180000000000001       0.25734736322234680     
   1.6200000000000001       0.25734736647033191     
   1.6220000000000001       0.25734731259894755     
   1.6240000000000001       0.25734720797704791     
   1.6260000000000001       0.25734709780024156     
   1.6280000000000001       0.25734709505213749     
   1.6300000000000001       0.25734720139439571     
   1.6320000000000001       0.25734744435233126     
   1.6340000000000001       0.25734778754861232     
   1.6360000000000001       0.25734811798197810     
   1.6380000000000001       0.25734834317607364     
   1.6400000000000001       0.25734846080707957     
   1.6420000000000001       0.25734844623144659     
   1.6440000000000001       0.25734836272950407     
   1.6460000000000001       0.25734827988214859     
   1.6480000000000001       0.25734823471096585     
   1.6500000000000001       0.25734820378282913     
   1.6520000000000001       0.25734816944922134     
   1.6540000000000001       0.25734809592663654     
   1.6560000000000001       0.25734793347532903     
   1.6580000000000001       0.25734765707977464     
   1.6600000000000001       0.25734744361132506     
   1.6620000000000001       0.25734733211697158     
   1.6640000000000001       0.25734737638767025     
   1.6659999999999999       0.25734754757201628     
   1.6679999999999999       0.25734786393372483     
   1.6699999999999999       0.25734830555610311     
   1.6719999999999999       0.25734871687507876     
   1.6739999999999999       0.25734893951760301     
   1.6759999999999999       0.25734898157027075     
   1.6779999999999999       0.25734894593519281     
   1.6799999999999999       0.25734902788918268     
   1.6819999999999999       0.25734921546987305     
   1.6839999999999999       0.25734923435224233     
   1.6859999999999999       0.25734902048857494     
   1.6879999999999999       0.25734871088112260     
   1.6899999999999999       0.25734851263456987     
   1.6919999999999999       0.25734891377206703     
   1.6940000000000000       0.25735177490746985     
   1.6960000000000000       0.25735855066568886     
   1.6980000000000000       0.25735567902969447     
   1.7000000000000000       0.25730793822269860     
   1.7020000000000000       0.25719101979245990     
   1.7040000000000000       0.25717119453817816     
   1.7060000000000000       0.25775464148862426     
   1.7080000000000000       0.25937953172496725     
   1.7100000000000000       0.26010185230265265     
   1.7120000000000000       0.25241474314370022     
   1.7140000000000000       0.21978041563477971     
   1.7160000000000000       0.16870898281023264     
   1.7180000000000000       0.13793973211936883     
   1.7200000000000000       0.12812733858561318     
   1.7220000000000000       0.12569546644726998     
   1.7240000000000000       0.12515107149833266     
   1.7260000000000000       0.12503264357643229     
   1.7280000000000000       0.12500704484777356     
   1.7300000000000000       0.12500151995636444     
   1.7320000000000000       0.12500032792213792     
   1.7340000000000000       0.12500007074672045     
   1.7360000000000000       0.12500001526303259     
   1.7380000000000000       0.12500000329286987     
   1.7400000000000000       0.12500000071040818     
   1.7420000000000000       0.12500000015326451     
   1.7440000000000000       0.12500000003306555     
   1.7460000000000000       0.12500000000713363     
   1.7480000000000000       0.12500000000153905     
   1.7500000000000000       0.12500000000033204     
   1.7520000000000000       0.12500000000007158     
   1.7540000000000000       0.12500000000001546     
   1.7560000000000000       0.12500000000000333     
   1.7580000000000000       0.12500000000000069     
   1.7600000000000000       0.12500000000000014     
   1.7620000000000000       0.12500000000000003     
   1.7640000000000000       0.12500000000000000     
   1.7660000000000000       0.12500000000000000     
   1.7680000000000000       0.12500000000000000     
   1.7700000000000000       0.12500000000000000     
   1.7720000000000000       0.12500000000000000     
   1.7740000000000000       0.12500000000000000     
   1.7760000000000000       0.12500000000000000     
   1.7780000000000000       0.12500000000000000     
   1.7800000000000000       0.12500000000000000     
   1.7820000000000000       0.12500000000000000     
   1.7840000000000000       0.12500000000000000     
   1.7860000000000000       0.12500000000000000     
   1.7880000000000000       0.12500000000000000     
   1.7900000000000000       0.12500000000000000     
   1.7920000000000000       0.12500000000000000     
   1.7940000000000000       0.12500000000000000     
   1.7960000000000000       0.12500000000000000     
   1.7980000000000000       0.12500000000000000     
   1.8000000000000000       0.12500000000000000     
   1.8020000000000000       0.12500000000000000     
   1.8040000000000000       0.12500000000000000     
   1.8060000000000000       0.12500000000000000     
   1.8080000000000001       0.12500000000000000     
   1.8100000000000001       0.12500000000000000     
   1.8120000000000001       0.12500000000000000     
   1.8140000000000001       0.12500000000000000     
   1.8160000000000001       0.12500000000000000     
   1.8180000000000001       0.12500000000000000     
   1.8200000000000001       0.12500000000000000     
   1.8220000000000001       0.12500000000000000     
   1.8240000000000001       0.12500000000000000     
   1.8260000000000001       0.12500000000000000     
   1.8280000000000001       0.12500000000000000     
   1.8300000000000001       0.12500000000000000     
   1.8320000000000001       0.12500000000000000     
   1.8340000000000001       0.12500000000000000     
   1.8360000000000001       0.12500000000000000     
   1.8380000000000001       0.12500000000000000     
   1.8400000000000001       0.12500000000000000     
   1.8420000000000001       0.12500000000000000     
   1.8440000000000001       0.12500000000000000     
   1.8460000000000001       0.12500000000000000     
   1.8480000000000001       0.12500000000000000     
   1.8500000000000001       0.12500000000000000     
   1.8520000000000001       0.12500000000000000     
   1.8540000000000001       0.12500000000000000     
   1.8560000000000001       0.12500000000000000     
   1.8580000000000001       0.12500000000000000     
   1.8600000000000001       0.12500000000000000     
   1.8620000000000001       0.12500000000000000     
   1.8640000000000001       0.12500000000000000     
   1.8660000000000001       0.12500000000000000     
   1.8680000000000001       0.12500000000000000     
   1.8700000000000001       0.12500000000000000     
   1.8720000000000001       0.12500000000000000     
   1.8740000000000001       0.12500000000000000     
   1.8760000000000001       0.12500000000000000     
   1.8780000000000001       0.12500000000000000     
   1.8800000000000001       0.12500000000000000     
   1.8820000000000001       0.12500000000000000     
   1.8840000000000001       0.12500000000000000     
   1.8860000000000001       0.12500000000000000     
   1.8880000000000001       0.12500000000000000     
   1.8900000000000001       0.12500000000000000     
   1.8920000000000001       0.12500000000000000     
   1.8940000000000001       0.12500000000000000     
   1.8960000000000001       0.12500000000000000     
   1.8980000000000001       0.12500000000000000     
   1.9000000000000001       0.12500000000000000     
   1.9020000000000001       0.12500000000000000     
   1.9040000000000001       0.12500000000000000     
   1.9060000000000001       0.12500000000000000     
   1.9080000000000001       0.12500000000000000     
   1.9100000000000001       0.12500000000000000     
   1.9120000000000001       0.12500000000000000     
   1.9140000000000001       0.12500000000000000     
   1.9160000000000001       0.12500000000000000     
   1.9180000000000001       0.12500000000000000     
   1.9199999999999999       0.12500000000000000     
   1.9219999999999999       0.12500000000000000     
   1.9239999999999999       0.12500000000000000     
   1.9259999999999999       0.12500000000000000     
   1.9279999999999999       0.12500000000000000     
   1.9299999999999999       0.12500000000000000     
   1.9319999999999999       0.12500000000000000     
   1.9339999999999999       0.12500000000000000     
   1.9359999999999999       0.12500000000000000     
   1.9379999999999999       0.12500000000000000     
   1.9399999999999999       0.12500000000000000     
   1.9419999999999999       0.12500000000000000     
   1.9440000000000000       0.12500000000000000     
   1.9460000000000000       0.12500000000000000     
   1.9480000000000000       0.12500000000000000     
   1.9500000000000000       0.12500000000000000     
   1.9520000000000000       0.12500000000000000     
   1.9540000000000000       0.12500000000000000     
   1.9560000000000000       0.12500000000000000     
   1.9580000000000000       0.12500000000000000     
   1.9600000000000000       0.12500000000000000     
   1.9620000000000000       0.12500000000000000     
   1.9640000000000000       0.12500000000000000     
   1.9660000000000000       0.12500000000000000     
   1.9680000000000000       0.12500000000000000     
   1.9700000000000000       0.12500000000000000     
   1.9720000000000000       0.12500000000000000     
   1.9740000000000000       0.12500000000000000     
   1.9760000000000000       0.12500000000000000     
   1.9780000000000000       0.12500000000000000     
   1.9800000000000000       0.12500000000000000     
   1.9820000000000000       0.12500000000000000     
   1.9840000000000000       0.12500000000000000     
   1.9860000000000000       0.12500000000000000     
   1.9880000000000000       0.12500000000000000     
   1.9900000000000000       0.12500000000000000     
   1.9920000000000000       0.12500000000000000     
   1.9940000000000000       0.12500000000000000     
   1.9960000000000000       0.12500000000000000     
   1.9980000000000000       0.12500000000000000     
   2.0000000000000000       0.12500000000000000     
   2.0020000000000002       0.12500000000000000     
